0.018476
0.025416
0.017351
0
0
0
0
0
0
0.012325
0.010855
0
0.014359
0.018286
0.016319
0
0
0
0.020616
0
0
0
0
0
0.020882
0.014115
0
0
0.01825
0.019434
0.016344
0.019963
0
0.019125
0
0
0.023306
0.029717
0.020718
0.021963
0.022841
0.035158
0
0.026786
0.024159
0.026482
0.020264
0.021537
0
0.018533
0
0.019338
0
0
0.014898
0.01857
0.017194
0
0
0
0.012071
0
0
0
0
0
0
0
0
0.017085
0.021059
0.017221
0
0
0.017941
0.016427
0.016732
0.02142
0.01752
0.017682
0.015312
0.011454
0
0
0
0
0
0
0.01495
0
0
0
0
0
0
0.015283
0.0090056
0
0
0
0
0
0.016847
0
0
0
0.01163
0.011677
0
0.016036
0.015539
0.015351
0.01391
0.014268
0
0
