0,2.2166e-07,1.0217e-06,0,0,0,0,0,0,1.5232e-06,0,0,7.1956e-06,1.4248e-05,0.00020253,0,0,0,3.2497e-05,0,0,0,0,0,0,0,0,0,0.0011534,0.0058088,1.8102e-05,0,0,1.6217e-05,0,0,0.00084768,0.0014174,0.00037874,7.8721e-06,7.189e-05,0.0013532,0,4.1012e-06,0,1.3936e-05,1.2526e-05,0,0,1.8293e-05,0,0,0,0,4.7695e-05,0,5.6685e-07,0,0,0,7.1809e-07,0,0,0,0,0,0,0,0,0,0,4.4578e-06,0,0,3.5564e-06,0.002712,4.6295e-07,0.0017734,0.00052943,1.6417e-05,3.5789e-07,2.0286e-05,0,0,0,0,0,0,0.0019801,0,0,0,0,0,0,0,0,0,0,0,0,0,5.7724e-07,0,0,0,0,0,0,0,0,1.7043e-06,3.4714e-06,0,0,0
0,0,0.0067914,0,0,0,0,0,0,0,1.0614e-05,0,8.5191e-05,2.4035e-05,0,0,0,0,0,0,0,0,0,0,0.0015189,0.0049374,0,0,0,0,0.00033681,0.0053987,0,0.0015951,0,0,0,0,0,5.704e-05,0,1.3046e-05,0,1.0302e-06,0.00053234,5.6438e-05,0.00028911,0.0013299,0,8.203e-05,0,0,0,0,6.8878e-05,0.00020477,0.00032034,0,0,0,1.6038e-06,0,0,0,0,0,0,0,0,0,0,0,0,0,1.8848e-06,0,0,0,1.0135e-05,1.1513e-05,1.2844e-05,0.00029618,0,0,0,0,0,0,1.0925e-05,0,0,0,0,0,0,0.00080538,0,0,0,0,0,0,0.0006101,0,0,0,0,0,0,0,2.6412e-06,0,0,0,0,0
0,0.0037086,0,0,0,0,0,0,0,0,0.00049624,0,0.00076971,3.8646e-05,0,0,0,0,2.2036e-06,0,0,0,0,0,0.00038622,0.0026499,0,0,0,0,0.00036173,0.00025078,0,0.0015039,0,0,0,0,0,0.00024028,1.1755e-05,1.4523e-05,0,2.8899e-05,0.0012968,8.5407e-05,0.00053757,0.0023426,0,0.00028542,0,0,0,0,0,0,3.1815e-05,0,0,0,0,0,0,0,0,0,0,0,0,5.3139e-06,0,1.1592e-05,0,0,7.6749e-06,0,0,0,4.7555e-06,2.4728e-05,0.00022741,4.6157e-05,0,0,0,0,0,0,0,0,0,0,0,0,0,0.001893,7.3759e-06,0,0,0,0,0,6.9189e-05,0,0,0,0,0,0,0,1.0436e-05,0,0,0,0,0
0,0,0,0,0,0,0,0,0,0,0,0,0,0,0,0,0,0,0,0,0,0,0,0,0,0,0,0,0,0,0,0,0,0,0,0,0,0,0,0,0,0,0,0,0,0,0,0,0,0,0,0,0,0,0,0,0,0,0,0,0,0,0,0,0,0,0,0,0,0,0,0,0,0,0,0,0,0,0,0,0,0,0,0,0,0,0,0,0,0,0,0,0,0,0,0,0,0,0,0,0,0,0,0,0,0,0,0,0,0,0,0,0,0,0,0
0,0,0,0,0,0,0,0,0,0,0,0,0,0,0,0,0,0,0,0,0,0,0,0,0,0,0,0,0,0,0,0,0,0,0,0,0,0,0,0,0,0,0,0,0,0,0,0,0,0,0,0,0,0,0,0,0,0,0,0,0,0,0,0,0,0,0,0,0,0,0,0,0,0,0,0,0,0,0,0,0,0,0,0,0,0,0,0,0,0,0,0,0,0,0,0,0,0,0,0,0,0,0,0,0,0,0,0,0,0,0,0,0,0,0,0
0,0,0,0,0,0,0,0,0,0,0,0,0,0,0,0,0,0,0,0,0,0,0,0,0,0,0,0,0,0,0,0,0,0,0,0,0,0,0,0,0,0,0,0,0,0,0,0,0,0,0,0,0,0,0,0,0,0,0,0,0,0,0,0,0,0,0,0,0,0,0,0,0,0,0,0,0,0,0,0,0,0,0,0,0,0,0,0,0,0,0,0,0,0,0,0,0,0,0,0,0,0,0,0,0,0,0,0,0,0,0,0,0,0,0,0
0,0,0,0,0,0,0,0,0,0,0,0,0,0,0,0,0,0,0,0,0,0,0,0,0,0,0,0,0,0,0,0,0,0,0,0,0,0,0,0,0,0,0,0,0,0,0,0,0,0,0,0,0,0,0,0,0,0,0,0,0,0,0,0,0,0,0,0,0,0,0,0,0,0,0,0,0,0,0,0,0,0,0,0,0,0,0,0,0,0,0,0,0,0,0,0,0,0,0,0,0,0,0,0,0,0,0,0,0,0,0,0,0,0,0,0
0,0,0,0,0,0,0,0,0,0,0,0,0,0,0,0,0,0,0,0,0,0,0,0,0,0,0,0,0,0,0,0,0,0,0,0,0,0,0,0,0,0,0,0,0,0,0,0,0,0,0,0,0,0,0,0,0,0,0,0,0,0,0,0,0,0,0,0,0,0,0,0,0,0,0,0,0,0,0,0,0,0,0,0,0,0,0,0,0,0,0,0,0,0,0,0,0,0,0,0,0,0,0,0,0,0,0,0,0,0,0,0,0,0,0,0
0,0,0,0,0,0,0,0,0,0,0,0,0,0,0,0,0,0,0,0,0,0,0,0,0,0,0,0,0,0,0,0,0,0,0,0,0,0,0,0,0,0,0,0,0,0,0,0,0,0,0,0,0,0,0,0,0,0,0,0,0,0,0,0,0,0,0,0,0,0,0,0,0,0,0,0,0,0,0,0,0,0,0,0,0,0,0,0,0,0,0,0,0,0,0,0,0,0,0,0,0,0,0,0,0,0,0,0,0,0,0,0,0,0,0,0
0,0,0,0,0,0,0,0,0,0,0.00020658,0,0.00055778,1.8045e-05,0,0,0,0,0,0,0,0,0,0,0,0,0,0,0,0,5.6155e-05,0,0,0.00032329,0,0,0,0,0,4.019e-05,0,0,0,4.0104e-05,0,0.00025315,0,0,0,5.9562e-05,0,0,0,0,0,0,0,0,0,0,0,0,0,0,0,0,0,0,0,0.0019827,0.00047675,1.0009e-05,0,0,0.00082075,0,0,0,0,7.4434e-05,2.169e-05,0,0,0,0,0,0,0,0,0,0,0,0,0,0,0,3.0251e-05,0,0,0,0,0,0,0,0,0,0.0011885,0.0017933,0,0.0020943,0.0005229,0.00039995,0.0003137,0.0010404,0,0
0,0,0,0,0,0,0,0,0,0,0,0,0.00054395,0.00081655,0,0,0,0,0,0,0,0,0,0,0,0,0,0,6.6246e-07,0,0,5.121e-05,0,2.6338e-05,0,0,1.1583e-06,0,0,0.00014592,0,1.9557e-05,0,7.1381e-05,0.00011072,0.00028232,1.895e-05,0,0,7.1395e-05,0,0,0,0,7.8037e-06,0,1.4405e-05,0,0,0,0,0,0,0,0,0,0,0,0,0.0003087,0,0.0005999,0,0,0.00018224,0,0.00073864,0,8.3224e-05,0.00041509,0.0039662,0,0,0,0,0,0,0,2.7419e-06,0,0,0,0,0,0,3.1459e-06,0,0,0,0,0,0,0.00016,0,0,0,0.0003294,0.00028704,0,0.00017746,0.00033224,1.8228e-06,0.00092714,0.00015798,0,0
0,0,0,0,0,0,0,0,0,0,0,0,0,0,0,0,0,0,0,0,0,0,0,0,0,0,0,0,0,0,0,0,0,0,0,0,0,0,0,0,0,0,0,0,0,0,0,0,0,0,0,0,0,0,0,0,0,0,0,0,0,0,0,0,0,0,0,0,0,0,0,0,0,0,0,0,0,0,0,0,0,0,0,0,0,0,0,0,0,0,0,0,0,0,0,0,0,0,0,0,0,0,0,0,0,0,0,0,0,0,0,0,0,0,0,0
1.7953e-05,8.324e-05,3.6944e-05,0,0,0,0,0,0,2.7537e-06,0.00032033,0,0,0.0030219,0.0014575,0,0,0,0.00053818,0,0,0,0,0,0,2.5202e-06,0,0,3.0839e-05,0,8.6197e-07,0.00069943,0,9.178e-05,0,0,0.00011901,8.8662e-06,9.9684e-05,0.0003934,0.00027074,3.2669e-05,0,4.903e-05,0.0016412,1.1431e-05,0.00060693,0.00085112,0,1.4656e-05,0,0,0,0,0.00010059,0,0.00020032,0,0,0,4.0698e-07,0,0,0,0,0,0,0,0,0.00053701,0,6.3126e-05,0,0,5.0548e-05,0.00010103,1.6759e-06,5.5936e-06,0.00029484,0.00014972,0.001627,1.3752e-05,0,0,0,0,0,0,0.00029201,0,0,0,0,0,0,4.318e-05,0,0,0,0,0,0,0.00046261,0,0,0,0,4.3963e-06,0,2.8257e-06,5.5726e-07,1.5403e-06,0,3.3049e-06,0,0
9.8534e-06,5.8177e-06,1.1405e-05,0,0,0,0,0,0,0,0.0010245,0,0.002521,0,0.004096,0,0,0,0.0012885,0,0,0,0,0,0,1.0378e-06,0,0,0.0002036,0,2.836e-06,0.00015263,0,5.7553e-05,0,0,0.00050756,0,0.00027525,0.0013161,0.00015437,5.2148e-05,0,0.00017547,0.0019033,4.1865e-05,0.00012355,1.82e-05,0,1.7712e-05,0,0,0,0,2.5014e-05,0,2.4233e-05,0,0,0,3.3506e-07,0,0,0,0,0,0,0,0,2.4731e-05,0,2.7645e-05,0,0,4.3338e-05,8.8066e-05,0.00011584,0,0.00084432,0.00012781,0.0023523,0,0,0,0,0,0,0,0.00050512,0,0,0,0,0,0,7.4573e-07,0,0,0,0,0,0,0.00013742,0,0,0,0,7.9384e-08,0,0,0,0,8.5293e-06,0,0,0
4.589e-05,0,4.9085e-06,0,0,0,0,0,0,0,0,0,9.3925e-05,0.00045883,0,0,0,0,0.0077284,0,0,0,0,0,0,0,0,0,0.00099125,0,7.7723e-05,9.2298e-06,0,0,0,0,0.0020083,0,0.00018802,5.1901e-05,0.00031554,0,0,7.9993e-05,1.5731e-05,1.0371e-05,1.5668e-05,0,0,0,0,0,0,0,6.5373e-06,0,0,0,0,0,0,0,0,0,0,0,0,0,0,0,0,0,0,0,0,0.0032812,0,0,6.2459e-05,0,3.4349e-06,0,0,0,0,0,0,0,0.00086293,0,0,0,0,0,0,0,0,0,0,0,0,0,6.6703e-06,0,0,0,0,0,0,0,0,0,0,0,0,0
0,0,0,0,0,0,0,0,0,0,0,0,0,0,0,0,0,0,0,0,0,0,0,0,0,0,0,0,0,0,0,0,0,0,0,0,0,0,0,0,0,0,0,0,0,0,0,0,0,0,0,0,0,0,0,0,0,0,0,0,0,0,0,0,0,0,0,0,0,0,0,0,0,0,0,0,0,0,0,0,0,0,0,0,0,0,0,0,0,0,0,0,0,0,0,0,0,0,0,0,0,0,0,0,0,0,0,0,0,0,0,0,0,0,0,0
0,0,0,0,0,0,0,0,0,0,0,0,0,0,0,0,0,0,0,0,0,0,0,0,0,0,0,0,0,0,0,0,0,0,0,0,0,0,0,0,0,0,0,0,0,0,0,0,0,0,0,0,0,0,0,0,0,0,0,0,0,0,0,0,0,0,0,0,0,0,0,0,0,0,0,0,0,0,0,0,0,0,0,0,0,0,0,0,0,0,0,0,0,0,0,0,0,0,0,0,0,0,0,0,0,0,0,0,0,0,0,0,0,0,0,0
0,0,0,0,0,0,0,0,0,0,0,0,0,0,0,0,0,0,0,0,0,0,0,0,0,0,0,0,0,0,0,0,0,0,0,0,0,0,0,0,0,0,0,0,0,0,0,0,0,0,0,0,0,0,0,0,0,0,0,0,0,0,0,0,0,0,0,0,0,0,0,0,0,0,0,0,0,0,0,0,0,0,0,0,0,0,0,0,0,0,0,0,0,0,0,0,0,0,0,0,0,0,0,0,0,0,0,0,0,0,0,0,0,0,0,0
2.0636e-05,2.9084e-06,0,0,0,0,0,0,0,0,0,0,1.9238e-06,0.00030979,0.002858,0,0,0,0,0,0,0,0,0,0,0,0,0,0.0010365,0,0,0,0,1.8979e-06,0,0,0.0057992,0,0.0010798,9.3521e-05,0.0071841,8.3267e-05,0,7.4225e-06,0.00021226,0,0.0010718,1.1435e-05,0,0,0,0,0,0,0,0,0,0,0,0,0,0,0,0,0,0,0,0,0,0,0,0,0,0,0,0.00047954,0,0,0,5.9463e-07,0,7.1135e-06,0,0,0,0,0,0,0.00035166,0,0,0,0,0,0,0,0,0,0,0,0,0,3.2387e-06,0,0,0,0,0,0,0,0,0,0,0,0,0
0,0,0,0,0,0,0,0,0,0,0,0,0,0,0,0,0,0,0,0,0,0,0,0,0,0,0,0,0,0,0,0,0,0,0,0,0,0,0,0,0,0,0,0,0,0,0,0,0,0,0,0,0,0,0,0,0,0,0,0,0,0,0,0,0,0,0,0,0,0,0,0,0,0,0,0,0,0,0,0,0,0,0,0,0,0,0,0,0,0,0,0,0,0,0,0,0,0,0,0,0,0,0,0,0,0,0,0,0,0,0,0,0,0,0,0
0,0,0,0,0,0,0,0,0,0,0,0,0,0,0,0,0,0,0,0,0,0,0,0,0,0,0,0,0,0,0,0,0,0,0,0,0,0,0,0,0,0,0,0,0,0,0,0,0,0,0,0,0,0,0,0,0,0,0,0,0,0,0,0,0,0,0,0,0,0,0,0,0,0,0,0,0,0,0,0,0,0,0,0,0,0,0,0,0,0,0,0,0,0,0,0,0,0,0,0,0,0,0,0,0,0,0,0,0,0,0,0,0,0,0,0
0,0,0,0,0,0,0,0,0,0,0,0,0,0,0,0,0,0,0,0,0,0,0,0,0,0,0,0,0,0,0,0,0,0,0,0,0,0,0,0,0,0,0,0,0,0,0,0,0,0,0,0,0,0,0,0,0,0,0,0,0,0,0,0,0,0,0,0,0,0,0,0,0,0,0,0,0,0,0,0,0,0,0,0,0,0,0,0,0,0,0,0,0,0,0,0,0,0,0,0,0,0,0,0,0,0,0,0,0,0,0,0,0,0,0,0
0,0,0,0,0,0,0,0,0,0,0,0,0,0,0,0,0,0,0,0,0,0,0,0,0,0,0,0,0,0,0,0,0,0,0,0,0,0,0,0,0,0,0,0,0,0,0,0,0,0,0,0,0,0,0,0,0,0,0,0,0,0,0,0,0,0,0,0,0,0,0,0,0,0,0,0,0,0,0,0,0,0,0,0,0,0,0,0,0,0,0,0,0,0,0,0,0,0,0,0,0,0,0,0,0,0,0,0,0,0,0,0,0,0,0,0
0,0,0,0,0,0,0,0,0,0,0,0,0,0,0,0,0,0,0,0,0,0,0,0,0,0,0,0,0,0,0,0,0,0,0,0,0,0,0,0,0,0,0,0,0,0,0,0,0,0,0,0,0,0,0,0,0,0,0,0,0,0,0,0,0,0,0,0,0,0,0,0,0,0,0,0,0,0,0,0,0,0,0,0,0,0,0,0,0,0,0,0,0,0,0,0,0,0,0,0,0,0,0,0,0,0,0,0,0,0,0,0,0,0,0,0
0,0.0025652,0.0016575,0,0,0,0,0,0,0,0,0,3.4012e-05,4.8503e-06,0,0,0,0,2.3999e-06,0,0,0,0,0,0,0.0048231,0,0,2.6521e-06,0,4.0531e-06,0.00049767,0,2.5268e-05,0,0,0,0,0,1.6296e-05,0,0,0,3.7653e-07,0,2.0746e-05,0.0046136,0.0063407,0,0,0,0,0,0,0,0,7.4349e-06,0,0,0,0,0,0,0,0,0,0,0,0,0,0,0,0,0,1.7157e-06,0,0,1.254e-06,0,0,0,3.5957e-06,0,0,0,0,0,0,1.529e-06,0,0,0,0,0,0,0.00024447,0,0,0,0,0,0,1.3433e-05,0,0,0,0,0,0,0,0,0,0,0,0,0
0,0.0034746,0.0026415,0,0,0,0,0,0,0,0,0,2.9726e-05,1.272e-06,0,0,0,0,3.6757e-06,0,0,0,0,0,0.0069791,0,0,0,0,0,0,2.0854e-05,0,0,0,0,0,0,0,0,0,0,0,0,0,0,2.8236e-05,0.00078681,0,0,0,0,0,0,0,0,7.5817e-06,0,0,0,0,0,0,0,0,0,0,0,0,0,0,0,0,0,0,0,0,0,0,0,0,0,0,0,0,0,0,0,0,0,0,0,0,0,0,0.00011519,0,0,0,0,0,0,2.6602e-05,0,0,0,0,0,0,0,0,0,0,0,0,0
0,0,0,0,0,0,0,0,0,0,0,0,0,0,0,0,0,0,0,0,0,0,0,0,0,0,0,0,0,0,0,0,0,0,0,0,0,0,0,0,0,0,0,0,0,0,0,0,0,0,0,0,0,0,0,0,0,0,0,0,0,0,0,0,0,0,0,0,0,0,0,0,0,0,0,0,0,0,0,0,0,0,0,0,0,0,0,0,0,0,0,0,0,0,0,0,0,0,0,0,0,0,0,0,0,0,0,0,0,0,0,0,0,0,0,0
0,0,0,0,0,0,0,0,0,0,0,0,0,0,0,0,0,0,0,0,0,0,0,0,0,0,0,0,0,0,0,0,0,0,0,0,0,0,0,0,0,0,0,0,0,0,0,0,0,0,0,0,0,0,0,0,0,0,0,0,0,0,0,0,0,0,0,0,0,0,0,0,0,0,0,0,0,0,0,0,0,0,0,0,0,0,0,0,0,0,0,0,0,0,0,0,0,0,0,0,0,0,0,0,0,0,0,0,0,0,0,0,0,0,0,0
0.0015248,0,0,0,0,0,0,0,0,0,0,0,2.2178e-06,2.1604e-05,0.0025491,0,0,0,0.00048829,0,0,0,0,0,0,0,0,0,0,0.0026343,2.0556e-06,0,0,4.745e-07,0,0,0.0018474,0.0025925,8.734e-05,3.9196e-06,8.4907e-05,0.001288,0,6.6867e-05,0,2.6626e-06,1.3259e-05,0,0,2.5531e-07,0,0,0,0,3.9201e-06,0,0,0,0,0,0,0,0,0,0,0,0,0,0,0,0,0,0,0,0,0.0040107,4.9941e-07,0.0006609,7.0204e-06,7.9119e-06,0,2.7354e-06,0,0,0,0,0,0,0.00034396,0,0,0,0,0,0,0,0,0,0,0,0,0,8.1076e-07,0,0,0,0,0,0,1.6862e-06,0,0,0,0,0,0
0.0051509,0,9.5668e-07,0,0,0,0,0,0,0,0,0,0,1.3727e-05,0.00091461,0,0,0,0.00024409,0,0,0,0,0,0,0,0,0,0.0061886,0,1.7816e-06,0,0,1.1683e-06,0,0,0.0021039,0.00022017,0.00010516,0,2.1703e-05,0.00074269,0,1.0889e-05,0,5.0231e-06,1.1486e-05,0,0,0,0,0,0,0,3.0165e-05,0,0,0,0,0,4.2111e-07,0,0,0,0,0,0,0,0,0,0,0,0,0,5.0242e-06,0.0018878,0,0.00036712,0.00021913,2.334e-06,5.287e-05,0,0,0,0,0,0,0,0.0011298,0,0,0,0,0,0,0,0,0,0,0,0,0,0,0,0,0,0,0,0,2.9238e-06,0,0,0,0,0,0
0,8.0386e-05,2.0385e-05,0,0,0,0,0,0,0.00027352,0,0,3.7599e-05,0.00010103,0,0,0,0,1.4778e-05,0,0,0,0,0,0,0,0,0,0,8.7388e-05,0,0,0,0.0021696,0,0,0,2.4462e-05,0,0.00015356,0,0.0014125,0,0.0012513,1.635e-05,0.0074691,1.1198e-05,5.0846e-06,0,0.00106,0,0,0,0,9.0624e-06,0,1.4511e-06,0,0,0,0,0,0,0,0,0,0,0,0,0,0.00026475,1.1117e-05,0,0,1.3025e-05,0,2.3091e-06,0.0001411,0,0.00010296,2.8552e-05,3.7942e-05,0,0,0,0,0,0,4.9203e-05,0,0,0,0,0,0,7.491e-06,0.00011789,0,0,0,0,0,1.2973e-05,0,0,0,4.5903e-05,5.5885e-05,0,0.00014745,0.00044755,0.00047105,0.00010528,8.2493e-05,0,0
0,0.0078919,0.00059712,0,0,0,0,0,0,0,0,0,0.0002373,0.00032562,0,0,0,0,8.1002e-05,0,0,0,0,0,0,1.191e-05,0,0,0,0,6.5102e-06,0,0,0.00050799,0,0,0,0,0,0.00042804,0,5.0198e-05,0,1.8071e-06,0.0066366,7.1559e-05,0.00080387,0.00079408,0,4.4032e-06,0,0,0,0,2.4838e-05,0,0.0003069,0,0,0,0,0,0,0,0,0,0,0,0,0,0,5.0819e-06,0,0,0,0,0,0,0,6.3602e-06,3.0914e-05,0.00014732,0,0,0,0,0,0,9.5585e-06,0,0,0,0,0,0,0.00025796,0,0,0,0,0,0,0.00072415,0,0,0,0,0,0,0,0,0,0,0,0,0
0,0,0,0,0,0,0,0,0,0,0,0,0,0,0,0,0,0,0,0,0,0,0,0,0,0,0,0,0,0,0,0,0,0,0,0,0,0,0,0,0,0,0,0,0,0,0,0,0,0,0,0,0,0,0,0,0,0,0,0,0,0,0,0,0,0,0,0,0,0,0,0,0,0,0,0,0,0,0,0,0,0,0,0,0,0,0,0,0,0,0,0,0,0,0,0,0,0,0,0,0,0,0,0,0,0,0,0,0,0,0,0,0,0,0,0
7.2614e-07,0.00086281,0.0012178,0,0,0,0,0,0,3.0034e-05,2.6874e-05,0,0.00028067,0.00021121,0,0,0,0,2.5037e-06,0,0,0,0,0,4.8806e-06,3.4356e-06,0,0,0,2.8085e-06,0.0036781,0.00058241,0,0,0,0,0,9.67e-06,0,0.00046234,1.3803e-05,0.00052819,0,0.00079402,0.00077249,0.0057317,0.00015709,0.00038779,0,0.0006955,0,0,0,0,3.892e-05,0,3.0293e-05,0,0,0,0,0,0,0,0,0,0,0,0,1.4106e-05,8.7214e-05,3.2228e-05,0,0,3.1877e-05,0,3.2886e-05,0.00013335,3.4682e-05,0.00012067,0.00017352,0.00049746,0,0,0,0,0,0,0.00020825,0,0,0,0,0,0,0.00048574,9.7867e-05,0,0,0,0,0,6.9598e-05,0,0,0,2.6842e-05,1.4233e-05,0,4.3013e-05,0.0001828,0.00028545,2.0217e-05,7.2093e-06,0,0
0,0,0,0,0,0,0,0,0,0,0,0,0,0,0,0,0,0,0,0,0,0,0,0,0,0,0,0,0,0,0,0,0,0,0,0,0,0,0,0,0,0,0,0,0,0,0,0,0,0,0,0,0,0,0,0,0,0,0,0,0,0,0,0,0,0,0,0,0,0,0,0,0,0,0,0,0,0,0,0,0,0,0,0,0,0,0,0,0,0,0,0,0,0,0,0,0,0,0,0,0,0,0,0,0,0,0,0,0,0,0,0,0,0,0,0
0,0,0,0,0,0,0,0,0,0,0,0,0,0,0,0,0,0,0,0,0,0,0,0,0,0,0,0,0,0,0,0,0,0,0,0,0,0,0,0,0,0,0,0,0,0,0,0,0,0,0,0,0,0,0,0,0,0,0,0,0,0,0,0,0,0,0,0,0,0,0,0,0,0,0,0,0,0,0,0,0,0,0,0,0,0,0,0,0,0,0,0,0,0,0,0,0,0,0,0,0,0,0,0,0,0,0,0,0,0,0,0,0,0,0,0
0.0019798,0,0,0,0,0,0,0,0,0,7.0929e-06,0,1.4977e-05,2.77e-05,0.0029243,0,0,0,0.0060621,0,0,0,0,0,2.5762e-06,0,0,0,0.0035353,0.00043065,3.4705e-06,4.9984e-07,0,0,0,0,0,0.00018375,0.0034273,2.5518e-05,0.001719,0.00011369,0,5.7902e-05,1.3646e-05,1.4305e-06,6.3892e-06,0,0,4.9383e-07,0,0,0,0,4.722e-07,0,0,0,0,0,0,0,0,0,0,0,0,0,0,0,0,0,0,0,0,0.0024188,4.8182e-07,3.6343e-05,6.773e-06,1.8751e-06,0,1.3195e-06,0,0,0,0,0,0,0.00030091,0,0,0,0,0,0,0,0,0,0,0,0,0,1.2018e-06,0,0,0,0,0,0,0,0,0,0,0,0,0
0.0002166,0,0,0,0,0,0,0,0,0,0,0,0,3.4702e-05,7.6786e-05,0,0,0,0.00068397,0,0,0,0,0,0,0,0,0,0.00019984,0.0059704,7.2939e-05,0,0,2.5172e-05,0,0,0.00060282,0,0.0015928,0.00018529,0.00059082,0.015005,0,0.0011968,0,3.4538e-06,2.1214e-05,0,0,1.1164e-05,0,0,0,0,2.6787e-06,0,0,0,0,0,0,0,0,0,0,0,0,0,0,0,0,0,0,0,0,0,0,0.0025302,0,1.9972e-05,0,0,0,0,0,0,0,0,0.00064707,0,0,0,0,0,0,0,0,0,0,0,0,0,6.7988e-06,0,0,0,0,0,0,2.0277e-05,0,0,0,0,0,0
0.00050979,0,0,0,0,0,0,0,0,2.246e-05,0,0,6.8568e-05,0.00035994,3.479e-05,0,0,0,0.00056244,0,0,0,0,0,0,0,0,0,0.00016033,6.0735e-05,0.00022879,1.0116e-06,0,5.2951e-05,0,0,0.0026942,0.0018905,0,0.0033005,0.0039308,0.00078172,0,0.0037455,0.00023476,0.00026626,3.418e-05,0,0,7.3145e-05,0,0,0,0,0,0,0,0,0,0,0,0,0,0,0,0,0,0,0,2.8543e-05,0.00035405,4.6949e-06,0,0,1.8336e-06,0.00019388,0.00023617,0.00042178,6.8541e-05,6.127e-05,2.2609e-05,0,0,0,0,0,0,0,0.0001754,0,0,0,0,0,0,5.8364e-07,0,0,0,0,0,0,3.8968e-06,0,0,0,0,0,0,0.0001034,1.3526e-05,5.3848e-06,0,9.2695e-06,0,0
5.8797e-06,8.2793e-05,7.0236e-05,0,0,0,0,0,0,3.8961e-05,0.00019611,0,0.0009771,0.0013986,0,0,0,0,1.4886e-05,0,0,0,0,0,0,0,0,0,2.4657e-06,0,0.00069756,0.00045084,0,0.00028436,0,0,5.6793e-05,3.1361e-05,0.0026871,0,0.0034094,0.00011783,0,0.0034575,0.0021411,0.0010044,0.0021624,3.584e-05,0,0.00034662,0,0,0,0,4.3571e-06,0,1.392e-05,0,0,0,0,0,0,0,0,0,0,0,0,0.0005199,0,1.6628e-05,0,0,3.7333e-05,1.051e-05,0.0003481,2.8275e-06,0.00012092,0.00025946,0.00085012,1.2161e-05,0,0,0,0,0,0,8.8688e-06,0,0,0,0,0,0,1.7608e-05,0,0,0,0,0,0,2.9566e-06,0,0,0,0,0,0,2.4988e-05,5.9111e-06,8.1734e-06,0,2.8139e-05,0,0
0.00017234,0,0,0,0,0,0,0,0,0,0,0,1.2042e-05,0.00037584,6.3642e-05,0,0,0,0.0018635,0,0,0,0,0,0,0,0,0,0.00036894,1.4601e-05,0.00043109,6.7544e-06,0,2.0515e-05,0,0,0.004274,0.00090488,0.0077078,0.0022462,0,0.00060153,0,0.00042821,0.00051886,3.4318e-05,0.0024292,2.9855e-06,0,6.2536e-05,0,0,0,0,0,0,5.9717e-06,0,0,0,6.5931e-07,0,0,0,0,0,0,0,0,0,0,0,0,0,0,5.7762e-05,0,0.0001424,0,7.4634e-06,1.0481e-06,0,0,0,0,0,0,0,8.3644e-05,0,0,0,0,0,0,2.431e-06,0,0,0,0,0,0,0,0,0,0,0,0,0,0,0,0,0,0,0,0
0.00014142,4.2779e-06,7.4129e-06,0,0,0,0,0,0,0.00024313,2.4722e-05,0,3.7272e-06,3.288e-05,0,0,0,0,0.00038538,0,0,0,0,0,0,0,0,0,0.00030635,0.00332,0.0023726,2.6174e-06,0,0.0011889,0,0,0.00013215,0.012275,0.00015459,0.00050087,0.00093247,0,0,0.00609,2.7808e-05,0.0024528,0.00010342,0,0,0.00042544,0,0,0,0,1.9773e-05,0,1.0553e-06,0,0,0,0,0,0,0,0,0,0,0,0,0,0.00012836,3.5036e-05,0,0,8.7807e-06,0,2.5209e-05,0.0027788,0,7.3288e-05,1.2982e-06,8.738e-05,0,0,0,0,0,0,0.00056482,0,0,0,0,0,0,1.8175e-06,1.7128e-06,0,0,0,0,0,2.4747e-05,0,0,0,0,2.7095e-06,0,0.00016196,7.1085e-05,4.0185e-05,0,1.8552e-06,0,0
0,0,0,0,0,0,0,0,0,0,0,0,0,0,0,0,0,0,0,0,0,0,0,0,0,0,0,0,0,0,0,0,0,0,0,0,0,0,0,0,0,0,0,0,0,0,0,0,0,0,0,0,0,0,0,0,0,0,0,0,0,0,0,0,0,0,0,0,0,0,0,0,0,0,0,0,0,0,0,0,0,0,0,0,0,0,0,0,0,0,0,0,0,0,0,0,0,0,0,0,0,0,0,0,0,0,0,0,0,0,0,0,0,0,0,0
0.00011813,1.4239e-06,0,0,0,0,0,0,0,0.00028376,0,0,5.2825e-05,0.00024057,2.7884e-06,0,0,0,7.3409e-05,0,0,0,0,0,0,0,0,0,9.9085e-06,4.8495e-05,0.00018972,1.4815e-05,0,0.00037293,0,0,0.0001219,0.0099863,0.00050201,0.0022318,0.00073599,0.0053666,0,0,0.00025846,0.003075,2.4736e-05,0,0,0.0002387,0,0,0,0,4.3754e-06,0,0,0,0,0,0,0,0,0,0,0,0,0,0,0.00017408,0.00017049,9.5451e-06,0,0,1.5341e-05,4.2232e-05,0.00051188,0.00021296,4.1804e-05,0.0001298,0.00012181,8.1442e-06,0,0,0,0,0,0,0.00085202,0,0,0,0,0,0,3.2185e-06,0,0,0,0,0,0,7.4174e-06,0,0,0,0,0,0,0.00035055,4.6437e-05,2.1896e-05,5.7697e-05,5.4145e-05,0,0
1.0164e-06,0.00053764,0.00071342,0,0,0,0,0,0,0,0.00041379,0,0.0012481,0.00090453,3.5985e-06,0,0,0,0.00015017,0,0,0,0,0,4.0987e-05,9.6223e-07,0,0,0,0,2.3665e-05,0.0057304,0,0.0016155,0,0,6.1812e-07,0,2.3621e-05,0.0021056,0.00044301,2.5146e-05,0,0.0008935,0,0.0012137,0.0031897,0.0029221,0,0.00051846,0,0,0,0,4.8207e-05,0,0.00023203,0,0,0,7.392e-07,0,0,0,0,0,0,0,0,2.5386e-05,0,1.2303e-05,0,0,1.4852e-05,0,1.2777e-06,2.4406e-06,4.0391e-05,0.00010715,0.00074598,2.0994e-05,0,0,0,0,0,0,1.1451e-05,0,0,0,0,0,0,8.4494e-05,0,0,0,0,0,0,8.3077e-05,0,0,0,0,0,0,4.3138e-06,0,4.7034e-06,0,0,0,0
8.2318e-07,0.0005843,4.7961e-05,0,0,0,0,0,0,5.7881e-05,4.5701e-05,0,0.00015709,0.0004126,0,0,0,0,1.2299e-05,0,0,0,0,0,0,7.7931e-07,0,0,0,6.3738e-07,0.0024096,0.0009263,0,0.006893,0,0,0,0.00018636,3.0742e-06,0.00089861,0.00029485,0.0014053,0,0.0014968,0.0047332,0,0.00013093,1.3667e-05,0,0.00119,0,0,0,0,0.00050498,0,0.00020326,0,0,0,0,0,0,0,0,0,0,0,0,4.5688e-05,0.00045481,0.00022751,0,0,1.5566e-05,7.3477e-06,0.00019676,0.00024404,4.7729e-05,0.00010078,0.00012582,0.00022671,0,0,0,0,0,0,0.00010675,0,0,0,0,0,0,1.976e-05,0,0,0,0,0,0,0.00026094,0,0,0,2.0027e-05,1.5077e-05,0,0.00022553,0.00025087,0.000839,0.00020079,0.00024005,0,0
0,0.00014465,0.00047309,0,0,0,0,0,0,0,0,0,9.1218e-05,0.00021592,0,0,0,0,2.743e-05,0,0,0,0,0,0.0047406,5.9433e-06,0,0,1.5948e-06,1.409e-05,0.00012917,0.00095715,0,0.00019565,0,0,3.7573e-05,1.6728e-05,0.00010472,0.0019453,0.0028786,5.6638e-05,0,0.00059038,0.0013401,9.7213e-05,0,0.0058723,0,5.4722e-05,0,0,0,0,2.4754e-05,0,1.3413e-05,0,0,0,0,0,0,0,0,0,0,0,0,0,0,1.2679e-06,0,0,2.3896e-06,0,0,1.5081e-06,7.7966e-07,1.3778e-05,3.7345e-05,1.7297e-05,0,0,0,0,0,0,0,0,0,0,0,0,0,0.00014556,0,0,0,0,0,0,1.0745e-05,0,0,0,0,0,0,0,1.0514e-06,2.9064e-06,0,0,0,0
0,0.003322,0.0016777,0,0,0,0,0,0,0,0,0,0.00012259,2.7223e-05,0,0,0,0,0,0,0,0,0,0,0.0075203,0.00060348,0,0,0,0,8.5421e-06,0.0032025,0,0.00023352,0,0,0,0,0,2.5598e-05,2.5611e-06,0,0,5.0834e-06,0.00056991,5.8544e-06,0.0037582,0,0,1.044e-06,0,0,0,0,5.826e-07,0,9.13e-05,0,0,0,1.2628e-06,0,0,0,0,0,0,0,0,0,0,0,0,0,3.1002e-06,0,0,0,0,2.7149e-07,6.8019e-07,1.6239e-05,0,0,0,0,0,0,0,0,0,0,0,0,0,0.00026442,0,0,0,0,0,0,7.2432e-05,0,0,0,0,0,0,0,0,0,0,0,0,0
0,0,0,0,0,0,0,0,0,0,0,0,0,0,0,0,0,0,0,0,0,0,0,0,0,0,0,0,0,0,0,0,0,0,0,0,0,0,0,0,0,0,0,0,0,0,0,0,0,0,0,0,0,0,0,0,0,0,0,0,0,0,0,0,0,0,0,0,0,0,0,0,0,0,0,0,0,0,0,0,0,0,0,0,0,0,0,0,0,0,0,0,0,0,0,0,0,0,0,0,0,0,0,0,0,0,0,0,0,0,0,0,0,0,0,0
3.1288e-05,1.8414e-06,2.8973e-05,0,0,0,0,0,0,0.00032395,0,0,0.00012388,0.00037287,0,0,0,0,1.8003e-05,0,0,0,0,0,0,0,0,0,2.4603e-05,0,0.00015534,0,0,5.6046e-05,0,0,7.4284e-05,0,0,0.00088987,0,0.0003148,0,0.00091458,2.3237e-05,0.00057226,9.6958e-06,0,0,0,0,0,0,0,5.9572e-05,0,0,0,0,0,0,0,0,0,0,0,0,0,0,0.0005836,0.00018815,0.00010534,0,0,0.000543,0,0.00089993,0.0049447,0.0033882,0.0018455,4.3118e-05,0,0,0,0,0,0,0,3.3941e-05,0,0,0,0,0,0,0.00055207,0,0,0,0,0,0,4.0921e-06,0,0,0,2.5879e-05,6.0154e-06,0,0.00061713,0.00055368,6.0399e-06,5.0122e-05,0.00014763,0,0
0,0,0,0,0,0,0,0,0,0,0,0,0,0,0,0,0,0,0,0,0,0,0,0,0,0,0,0,0,0,0,0,0,0,0,0,0,0,0,0,0,0,0,0,0,0,0,0,0,0,0,0,0,0,0,0,0,0,0,0,0,0,0,0,0,0,0,0,0,0,0,0,0,0,0,0,0,0,0,0,0,0,0,0,0,0,0,0,0,0,0,0,0,0,0,0,0,0,0,0,0,0,0,0,0,0,0,0,0,0,0,0,0,0,0,0
3.4053e-06,1.9057e-05,0,0,0,0,0,0,0,0,0,0,5.286e-06,5.3555e-05,1.3393e-06,0,0,0,0,0,0,0,0,0,0,0,0,0,0,0,0,7.0407e-05,0,0,0,0,0,0,0,8.8791e-06,0,8.6155e-06,0,0,5.5625e-05,3.4658e-06,0,0,0,0,0,0,0,0,0.0049786,0.0030466,0.004621,0,0,0,0.0031745,0,0,0,0,0,0,0,0,4.1807e-05,0,0,0,0,7.6551e-05,0,0,0,1.27e-05,3.2975e-05,0,1.9559e-05,0,0,0,0,0,0,5.1614e-05,0,0,0,0,0,0,0,0,0,0,0,0,0,0.0030211,0,0,0,1.0169e-05,0,0,0,0,2.1033e-05,0,0,0,0
0,0,0,0,0,0,0,0,0,0,0,0,0,0,0,0,0,0,0,0,0,0,0,0,0,0,0,0,0,0,0,0,0,0,0,0,0,0,0,0,0,0,0,0,0,0,0,0,0,0,0,0,0,0,0,0,0,0,0,0,0,0,0,0,0,0,0,0,0,0,0,0,0,0,0,0,0,0,0,0,0,0,0,0,0,0,0,0,0,0,0,0,0,0,0,0,0,0,0,0,0,0,0,0,0,0,0,0,0,0,0,0,0,0,0,0
0,0,0,0,0,0,0,0,0,0,0,0,0,0,0,0,0,0,0,0,0,0,0,0,0,0,0,0,0,0,0,0,0,0,0,0,0,0,0,0,0,0,0,0,0,0,0,0,0,0,0,0,0,0,0,0,0,0,0,0,0,0,0,0,0,0,0,0,0,0,0,0,0,0,0,0,0,0,0,0,0,0,0,0,0,0,0,0,0,0,0,0,0,0,0,0,0,0,0,0,0,0,0,0,0,0,0,0,0,0,0,0,0,0,0,0
0.00010956,0.00012217,0,0,0,0,0,0,0,0,0,0,3.4022e-05,0.00041048,4.0996e-05,0,0,0,0,0,0,0,0,0,0,0,0,0,2.8148e-05,0.00014885,4.7285e-06,9.9693e-05,0,5.0437e-07,0,0,4.4648e-06,4.8696e-05,0,5.3951e-05,0,9.1451e-05,0,4.6979e-05,0.00020079,5.5423e-06,0,5.0609e-06,0,3.7025e-05,0,0.0026343,0,0,0,0.00019199,0.0034409,0,0,0,0.0016856,0,0,0,0,0,0,0,0,0,4.3919e-05,0,0,0,0.00046265,3.264e-05,0,1.975e-05,8.2264e-05,0.0005482,2.6422e-06,3.1471e-05,0,0,0,0,0,0,3.1692e-05,0,0,0,0,0,0,1.4062e-05,2.3442e-06,0,0,0,0,0,0.0041359,0,0,0,2.6387e-05,0,0,0,0,1.3729e-05,4.9233e-06,0,0,0
0,0.00040998,1.6337e-05,0,0,0,0,0,0,0,0,0,2.7381e-06,1.4266e-05,0,0,0,0,0,0,0,0,0,0,0,1.1144e-05,0,0,0,0,7.6168e-06,0.00040813,0,6.0128e-06,0,0,0,0,0,2.2768e-05,0,9.7833e-07,0,0,0.00027952,1.3497e-05,7.2849e-05,0,0,3.255e-06,0,0.0032522,0,0,0.0029111,0,0.0040715,0,0,0,0.003614,0,0,0,0,0,0,0,0,0.00014444,0,1.9813e-06,0,0,1.3608e-05,0,0,0,0,1.2949e-05,0,0.00055747,0,0,0,0,0,0,1.7013e-06,0,0,0,0,0,0,0.00027518,1.2583e-06,0,0,0,0,0,0.0024402,0,0,0,2.3689e-06,0,0,0,0,1.4152e-06,0,0,0,0
0,2.775e-05,0,0,0,0,0,0,0,0,0,0,0,2.6457e-06,0,0,0,0,0,0,0,0,0,0,0,0,0,0,0,0,0,8.0637e-05,0,0,0,0,0,0,0,6.2095e-06,0,6.9006e-07,0,0,3.6128e-05,0,1.0967e-05,0,0,0,0,0.0091902,0,0,0.00052219,0.0048847,0,0,0,0,0.0016544,0,0,0,0,0,0,0,0,2.5469e-05,0,0,0,0,1.1371e-06,0,0,0,0,4.9941e-06,0,7.1491e-06,0,0,0,0,0,0,0,0,0,0,0,0,0,3.6398e-06,0,0,0,0,0,0,0.00072222,0,0,0,4.5364e-06,0,0,0,0,0,7.9754e-06,0,0,0
0,0,0,0,0,0,0,0,0,0,0,0,0,0,0,0,0,0,0,0,0,0,0,0,0,0,0,0,0,0,0,0,0,0,0,0,0,0,0,0,0,0,0,0,0,0,0,0,0,0,0,0,0,0,0,0,0,0,0,0,0,0,0,0,0,0,0,0,0,0,0,0,0,0,0,0,0,0,0,0,0,0,0,0,0,0,0,0,0,0,0,0,0,0,0,0,0,0,0,0,0,0,0,0,0,0,0,0,0,0,0,0,0,0,0,0
0,0,0,0,0,0,0,0,0,0,0,0,0,0,0,0,0,0,0,0,0,0,0,0,0,0,0,0,0,0,0,0,0,0,0,0,0,0,0,0,0,0,0,0,0,0,0,0,0,0,0,0,0,0,0,0,0,0,0,0,0,0,0,0,0,0,0,0,0,0,0,0,0,0,0,0,0,0,0,0,0,0,0,0,0,0,0,0,0,0,0,0,0,0,0,0,0,0,0,0,0,0,0,0,0,0,0,0,0,0,0,0,0,0,0,0
0,0,0,0,0,0,0,0,0,0,0,0,0,0,0,0,0,0,0,0,0,0,0,0,0,0,0,0,0,0,0,0,0,0,0,0,0,0,0,0,0,0,0,0,0,0,0,0,0,0,0,0,0,0,0,0,0,0,0,0,0,0,0,0,0,0,0,0,0,0,0,0,0,0,0,0,0,0,0,0,0,0,0,0,0,0,0,0,0,0,0,0,0,0,0,0,0,0,0,0,0,0,0,0,0,0,0,0,0,0,0,0,0,0,0,0
0,1.4438e-05,8.077e-06,0,0,0,0,0,0,0,0,0,0,0,0,0,0,0,0,0,0,0,0,0,0,0,0,0,0,0,0,0,0,0,0,0,0,0,0,0,0,0,0,0,0,0,0,0,0,0,0,0.0028764,0,0,1.2568e-05,0.0087637,5.4895e-05,0,0,0,0,0,0,0,0,0,0,0,0,0,0,0,0,0,0,0,0,0,0,0,0,1.0023e-05,0,0,0,0,0,0,8.5333e-06,0,0,0,0,0,0,0,0,0,0,0,0,0,0.00032215,0,0,0,0,0,0,0,0,0,0,0,0,0
0,0,0,0,0,0,0,0,0,0,0,0,0,0,0,0,0,0,0,0,0,0,0,0,0,0,0,0,0,0,0,0,0,0,0,0,0,0,0,0,0,0,0,0,0,0,0,0,0,0,0,0,0,0,0,0,0,0,0,0,0,0,0,0,0,0,0,0,0,0,0,0,0,0,0,0,0,0,0,0,0,0,0,0,0,0,0,0,0,0,0,0,0,0,0,0,0,0,0,0,0,0,0,0,0,0,0,0,0,0,0,0,0,0,0,0
0,0,0,0,0,0,0,0,0,0,0,0,0,0,0,0,0,0,0,0,0,0,0,0,0,0,0,0,0,0,0,0,0,0,0,0,0,0,0,0,0,0,0,0,0,0,0,0,0,0,0,0,0,0,0,0,0,0,0,0,0,0,0,0,0,0,0,0,0,0,0,0,0,0,0,0,0,0,0,0,0,0,0,0,0,0,0,0,0,0,0,0,0,0,0,0,0,0,0,0,0,0,0,0,0,0,0,0,0,0,0,0,0,0,0,0
0,0,0,0,0,0,0,0,0,0,0,0,0,0,0,0,0,0,0,0,0,0,0,0,0,0,0,0,0,0,0,0,0,0,0,0,0,0,0,0,0,0,0,0,0,0,0,0,0,0,0,0,0,0,0,0,0,0,0,0,0,0,0,0,0,0,0,0,0,0,0,0,0,0,0,0,0,0,0,0,0,0,0,0,0,0,0,0,0,0,0,0,0,0,0,0,0,0,0,0,0,0,0,0,0,0,0,0,0,0,0,0,0,0,0,0
0,0,0,0,0,0,0,0,0,0,0,0,0,0,0,0,0,0,0,0,0,0,0,0,0,0,0,0,0,0,0,0,0,0,0,0,0,0,0,0,0,0,0,0,0,0,0,0,0,0,0,0,0,0,0,0,0,0,0,0,0,0,0,0,0,0,0,0,0,0,0,0,0,0,0,0,0,0,0,0,0,0,0,0,0,0,0,0,0,0,0,0,0,0,0,0,0,0,0,0,0,0,0,0,0,0,0,0,0,0,0,0,0,0,0,0
0,0,0,0,0,0,0,0,0,0,0,0,0,0,0,0,0,0,0,0,0,0,0,0,0,0,0,0,0,0,0,0,0,0,0,0,0,0,0,0,0,0,0,0,0,0,0,0,0,0,0,0,0,0,0,0,0,0,0,0,0,0,0,0,0,0,0,0,0,0,0,0,0,0,0,0,0,0,0,0,0,0,0,0,0,0,0,0,0,0,0,0,0,0,0,0,0,0,0,0,0,0,0,0,0,0,0,0,0,0,0,0,0,0,0,0
0,0,0,0,0,0,0,0,0,0,0,0,0,0,0,0,0,0,0,0,0,0,0,0,0,0,0,0,0,0,0,0,0,0,0,0,0,0,0,0,0,0,0,0,0,0,0,0,0,0,0,0,0,0,0,0,0,0,0,0,0,0,0,0,0,0,0,0,0,0,0,0,0,0,0,0,0,0,0,0,0,0,0,0,0,0,0,0,0,0,0,0,0,0,0,0,0,0,0,0,0,0,0,0,0,0,0,0,0,0,0,0,0,0,0,0
0,0,0,0,0,0,0,0,0,0,0,0,0,0,0,0,0,0,0,0,0,0,0,0,0,0,0,0,0,0,0,0,0,0,0,0,0,0,0,0,0,0,0,0,0,0,0,0,0,0,0,0,0,0,0,0,0,0,0,0,0,0,0,0,0,0,0,0,0,0,0,0,0,0,0,0,0,0,0,0,0,0,0,0,0,0,0,0,0,0,0,0,0,0,0,0,0,0,0,0,0,0,0,0,0,0,0,0,0,0,0,0,0,0,0,0
0,0,0,0,0,0,0,0,0,0,0,0,0,0,0,0,0,0,0,0,0,0,0,0,0,0,0,0,0,0,0,0,0,0,0,0,0,0,0,0,0,0,0,0,0,0,0,0,0,0,0,0,0,0,0,0,0,0,0,0,0,0,0,0,0,0,0,0,0,0,0,0,0,0,0,0,0,0,0,0,0,0,0,0,0,0,0,0,0,0,0,0,0,0,0,0,0,0,0,0,0,0,0,0,0,0,0,0,0,0,0,0,0,0,0,0
2.4688e-06,4.3832e-06,6.5157e-05,0,0,0,0,0,0,0.00029398,0.0002173,0,0.00073951,0.00042381,0,0,0,0,7.1103e-07,0,0,0,0,0,0,0,0,0,0,0,1.359e-05,4.0341e-06,0,0.00011035,0,0,6.8681e-06,0,2.0949e-06,0.00096675,0,1.2941e-05,0,0.00062377,6.4527e-05,0.0002049,2.7517e-06,1.7107e-06,0,0.001535,0,0,0,0,1.6008e-05,0,1.4666e-06,0,0,0,0,0,0,0,0,0,0,0,0,0,0,4.1145e-05,0,0,0.0041184,5.5166e-06,0.00031566,4.7474e-05,0.00044287,0.0020934,0.001577,0,0,0,0,0,0,0,0,0,0,0,0,0,0,0.00027002,0,0,0,0,0,0,2.4223e-05,0,0,0,0.00011697,0.00013053,0,0.0022011,0.00010983,6.464e-05,0.0001428,6.9231e-05,0,0
0,0,0,0,0,0,0,0,0,0.0012803,2.2551e-05,0,0.00021243,0.00024254,0,0,0,0,0,0,0,0,0,0,0,0,0,0,0,0,8.9849e-05,0,0,1.7078e-05,0,0,2.2309e-06,1.6228e-05,0,0.00056556,0,1.8412e-05,0,0.00032394,1.874e-05,0.0011336,7.411e-07,0,0,0.0012396,0,0,0,0,1.5013e-06,0,1.826e-06,0,0,0,0,0,0,0,0,0,0,0,0,0.002283,0,0,0,0,0.00061198,0,0.0050051,2.9262e-06,3.6321e-05,0.00051972,0.0014591,0,0,0,0,0,0,0,0,0,0,0,0,0,0,1.6579e-06,0,0,0,0,0,0,0,0,0,0,7.6207e-05,2.6967e-05,0,0.0024542,0.00026113,0.00049524,0.00025013,0.0023887,0,0
2.4892e-05,4.5046e-05,2.8814e-06,0,0,0,0,0,0,4.0808e-05,2.8828e-05,0,6.3183e-05,0.00011551,1.8384e-06,0,0,0,3.5807e-06,0,0,0,0,0,0,0,0,0,1.6312e-06,0,0.00010613,4.2544e-05,0,5.4022e-05,0,0,8.9357e-06,1.383e-05,0,5.4383e-05,0,8.5896e-05,0,4.1696e-05,3.0116e-05,0.00021805,1.836e-06,1.4374e-06,0,0.0001034,0,0.00098331,0,0,0.00083194,6.1797e-05,0.00054388,0,0,0,9.3221e-05,0,0,0,0,0,0,0,0,0.00022272,0.00011226,0,0,0,0.0015256,0,5.4219e-05,3.4278e-05,0.00061248,0.0013177,2.3245e-05,0.00083124,0,0,0,0,0,0,2.9382e-05,0,0,0,0,0,0,9.6903e-05,1.9996e-06,0,0,0,0,0,0.0012148,0,0,0,0.00018463,6.0797e-05,0,0.00013552,9.9511e-05,0.0019084,0.0050822,6.8321e-05,0,0
0,0,0,0,0,0,0,0,0,0,0,0,0,0,0,0,0,0,0,0,0,0,0,0,0,0,0,0,0,0,0,0,0,0,0,0,0,0,0,0,0,0,0,0,0,0,0,0,0,0,0,0,0,0,0,0,0,0,0,0,0,0,0,0,0,0,0,0,0,0,0,0,0,0,0,0,0,0,0,0,0,0,0,0,0,0,0,0,0,0,0,0,0,0,0,0,0,0,0,0,0,0,0,0,0,0,0,0,0,0,0,0,0,0,0,0
0,0,0,0,0,0,0,0,0,0,0,0,0,0,0,0,0,0,0,0,0,0,0,0,0,0,0,0,0,0,0,0,0,0,0,0,0,0,0,0,0,0,0,0,0,0,0,0,0,0,0,0,0,0,0,0,0,0,0,0,0,0,0,0,0,0,0,0,0,0,0,0,0,0,0,0,0,0,0,0,0,0,0,0,0,0,0,0,0,0,0,0,0,0,0,0,0,0,0,0,0,0,0,0,0,0,0,0,0,0,0,0,0,0,0,0
0,2.5618e-06,3.4629e-05,0,0,0,0,0,0,0.00022504,0.00037904,0,0.00040651,0.0001678,0,0,0,0,0,0,0,0,0,0,0,0,0,0,0,0,2.815e-05,1.6295e-05,0,8.417e-05,0,0,3.8928e-07,0,0,0.00028941,0,1.8003e-05,0,0.00028517,2.8487e-06,0.00020937,1.844e-06,2.6567e-05,0,0.0009337,0,0,0,0,2.8816e-05,0,9.8523e-07,0,0,0,0,0,0,0,0,0,0,0,0,0.0034543,3.0753e-05,0.0036957,0,0,0,5.7135e-06,9.6629e-05,0.0001575,0.0014877,0.0034102,0.00033454,0,0,0,0,0,0,0,1.1096e-06,0,0,0,0,0,0,7.3573e-05,0,0,0,0,0,0,2.8098e-05,0,0,0,0.00015797,0.00014521,0,0.0003773,0.0010107,7.9354e-06,0.00012623,0.00019892,0,0
0.0013886,0,3.7188e-07,0,0,0,0,0,0,4.4305e-06,0,0,0.00013902,0.00042023,0.00051134,0,0,0,0.00024995,0,0,0,0,0,0,0,0,0,0.00083444,0.00010912,9.5598e-05,1.7461e-07,0,7.0526e-06,0,0,0.0015632,0.00027459,0.0016895,0.00029133,0.00026057,0.00030363,0,0.00049767,2.2959e-05,0.00012025,5.9518e-08,0,0,0.0006576,0,0,0,0,1.2551e-05,0,0,0,0,0,0,0,0,0,0,0,0,0,0,2.0449e-05,0.00079122,3.6736e-05,0,0,4.4889e-05,0,0.0019721,0.001726,0.001191,0.00014423,0,9.219e-07,0,0,0,0,0,0,0.00063268,0,0,0,0,0,0,1.2377e-05,3.4334e-07,0,0,0,0,0,5.4649e-07,0,0,0,6.4135e-07,2.1658e-07,0,2.5481e-05,2.5604e-05,1.7793e-05,4.0938e-05,0.00028873,0,0
6.1906e-05,0,0,0,0,0,0,0,0,7.6919e-05,0,0,0.00080487,0.0015793,0,0,0,0,1.4263e-06,0,0,0,0,0,0,0,0,0,1.0938e-05,0,3.2063e-06,0,0,1.1207e-05,0,0,0.00025486,0.00011557,0.00032178,0.00034677,3.905e-05,0.00010757,0,0.00085318,4.8607e-05,0.00014564,1.5818e-06,0,0,4.2004e-05,0,0,0,0,0,0,1.9082e-06,0,0,0,0,0,0,0,0,0,0,0,0,0,0.0093215,5.7522e-05,0,0,2.9412e-05,0.00012173,0,7.4401e-06,0.00040628,8.5881e-05,6.0219e-06,4.268e-06,0,0,0,0,0,0,2.3306e-05,0,0,0,0,0,0,0,0,0,0,0,0,0,1.9432e-06,0,0,0,9.2958e-06,1.5179e-05,0,0.00023204,5.2761e-05,6.121e-05,0.00019173,0.0012763,0,0
0.0028148,0,0,0,0,0,0,0,0,0,0,0,1.0932e-05,6.5067e-05,0,0,0,0,0.0002427,0,0,0,0,0,0,0,0,0,0.001071,0.00058469,3.6097e-05,0,0,0.00012785,0,0,0.00029547,0.0013496,0.00018338,0.0001334,3.8593e-05,0.0045627,0,0.0014729,0.00010711,0.00013231,0,0,0,0.0010321,0,0,0,0,9.7822e-05,0,1.1004e-06,0,0,0,1.0682e-06,0,0,0,0,0,0,0,0,0,0.00028225,0.00010963,0,0,8.9295e-05,2.622e-05,5.543e-06,0,0.0028765,0.000309,0,1.5169e-05,0,0,0,0,0,0,0.0031761,0,0,0,0,0,0,0.00011581,0,0,0,0,0,0,4.1576e-06,0,0,0,2.5047e-06,0,0,0,2.4577e-05,1.0195e-05,1.2281e-05,0,0,0
0.00071916,7.8268e-07,8.4852e-06,0,0,0,0,0,0,2.2999e-06,0,0,9.5196e-05,0.00052161,0.00018638,0,0,0,6.5032e-05,0,0,0,0,0,0,0,0,0,0.00027352,3.3661e-05,1.7263e-05,0,0,0.00018209,0,0,0.00019374,2.962e-05,0.00015306,0.00017147,4.5844e-05,0.00046806,0,0.00057612,0.0002206,8.5438e-05,8.3636e-06,1.0771e-05,0,0.0026894,0,0,0,0,0.00058105,0,0.00010869,0,0,0,2.716e-06,0,0,0,0,0,0,0,0,0.00024553,0.00010686,0.00066859,0,0,0.00059974,0.00032759,0.00010913,0.0037795,0,0.0015055,2.701e-06,0.00036563,0,0,0,0,0,0,0.0015784,0,0,0,0,0,0,0.00013883,7.1296e-07,0,0,0,0,0,7.1568e-05,0,0,0,1.7041e-05,1.7188e-06,0,4.3473e-05,8.8398e-06,0.00011125,0.00029132,9.5782e-05,0,0
4.7984e-05,4.5957e-06,3.1269e-05,0,0,0,0,0,0,9.5686e-05,4.3908e-05,0,0.0002224,0.000442,0,0,0,0,3.2723e-05,0,0,0,0,0,0,0,0,0,1.1444e-05,0,3.0691e-06,9.1353e-06,0,0.00015788,0,0,2.1299e-05,0,2.0107e-06,0.00030968,4.5982e-06,3.1827e-05,0,0.00045582,0.00012095,0.00010715,2.8543e-06,3.2828e-05,0,0.0017283,0,0,0,0,0.00014486,0,3.8464e-05,0,0,0,0,0,0,0,0,0,0,0,0,0.0021025,0,0.0058206,0,0,0.0014836,0,6.5666e-05,5.3397e-05,0.0025072,0,0.00044055,4.9009e-05,0,0,0,0,0,0,4.7849e-05,0,0,0,0,0,0,0.00040327,1.5229e-06,0,0,0,0,0,2.8675e-05,0,0,0,3.8047e-05,1.8455e-05,0,0.00020311,8.5637e-05,1.9008e-05,0.00019374,1.7345e-05,0,0
0,1.9303e-06,5.0695e-06,0,0,0,0,0,0,0,0.0051566,0,0.0016626,0.0034731,0,0,0,0,0,0,0,0,0,0,0,0,0,0,0,0,2.3628e-06,0.00011211,0,4.0537e-05,0,0,1.6726e-06,0,1.6779e-05,0.00098666,0,5.1563e-05,0,0.00031985,0.00036324,0.00020873,4.6221e-05,5.056e-06,0,0.00029275,0,0,0,0,2.9863e-05,0,1.3007e-05,0,0,0,0,0,0,0,0,0,0,0,0,0.0011307,0,8.6623e-05,0,0,0.00013812,0,0.0005103,0,6.921e-05,0.00026369,0,0,0,0,0,0,0,0,0,0,0,0,0,0,0,8.2685e-06,0,0,0,0,0,0,6.7317e-05,0,0,0,2.1881e-06,1.3697e-05,0,0.00014521,0,3.948e-06,8.2562e-05,0,0,0
3.0082e-06,0.00041199,0.00030077,0,0,0,0,0,0,0,1.8575e-05,0,1.0273e-05,1.3326e-05,0,0,0,0,1.1548e-06,0,0,0,0,0,0,6.6493e-06,0,0,0,3.8704e-07,0.000657,7.362e-05,0,0.00017193,0,0,0,0,0,9.4854e-05,0,6.7012e-05,0,0.00010118,6.5567e-05,0.00029205,6.3896e-05,1.6665e-05,0,0.00044016,0,0.00010331,0,0,0.00048031,0,0.00010642,0,0,0,1.3319e-05,0,0,0,0,0,0,0,0,1.1143e-05,0,1.215e-05,0,0,0.00018968,0,0,6.024e-06,1.2461e-06,0.00023316,1.9509e-06,0,0,0,0,0,0,0,0.00017992,0,0,0,0,0,0,0.0044211,1.4173e-05,0,0,0,0,0,0.00093504,0,0,0,2.1769e-05,2.8257e-06,0,8.5206e-06,4.5967e-05,0.0018168,3.8663e-05,0,0,0
0,0,0,0,0,0,0,0,0,0,0,0,0,0,0,0,0,0,0,0,0,0,0,0,0,0,0,0,0,0,0,0,0,0,0,0,0,0,0,0,0,0,0,0,0,0,0,0,0,0,0,0,0,0,0,0,0,0,0,0,0,0,0,0,0,0,0,0,0,0,0,0,0,0,0,0,0,0,0,0,0,0,0,0,0,0,0,0,0,0,0,0,0,0,0,0,0,0,0,0,0,0,0,0,0,0,0,0,0,0,0,0,0,0,0,0
0,0,0,0,0,0,0,0,0,0,0,0,0,0,0,0,0,0,0,0,0,0,0,0,0,0,0,0,0,0,0,0,0,0,0,0,0,0,0,0,0,0,0,0,0,0,0,0,0,0,0,0,0,0,0,0,0,0,0,0,0,0,0,0,0,0,0,0,0,0,0,0,0,0,0,0,0,0,0,0,0,0,0,0,0,0,0,0,0,0,0,0,0,0,0,0,0,0,0,0,0,0,0,0,0,0,0,0,0,0,0,0,0,0,0,0
0,0,0,0,0,0,0,0,0,0,0,0,0,0,0,0,0,0,0,0,0,0,0,0,0,0,0,0,0,0,0,0,0,0,0,0,0,0,0,0,0,0,0,0,0,0,0,0,0,0,0,0,0,0,0,0,0,0,0,0,0,0,0,0,0,0,0,0,0,0,0,0,0,0,0,0,0,0,0,0,0,0,0,0,0,0,0,0,0,0,0,0,0,0,0,0,0,0,0,0,0,0,0,0,0,0,0,0,0,0,0,0,0,0,0,0
0,0,0,0,0,0,0,0,0,0,0,0,0,0,0,0,0,0,0,0,0,0,0,0,0,0,0,0,0,0,0,0,0,0,0,0,0,0,0,0,0,0,0,0,0,0,0,0,0,0,0,0,0,0,0,0,0,0,0,0,0,0,0,0,0,0,0,0,0,0,0,0,0,0,0,0,0,0,0,0,0,0,0,0,0,0,0,0,0,0,0,0,0,0,0,0,0,0,0,0,0,0,0,0,0,0,0,0,0,0,0,0,0,0,0,0
0,0,0,0,0,0,0,0,0,0,0,0,0,0,0,0,0,0,0,0,0,0,0,0,0,0,0,0,0,0,0,0,0,0,0,0,0,0,0,0,0,0,0,0,0,0,0,0,0,0,0,0,0,0,0,0,0,0,0,0,0,0,0,0,0,0,0,0,0,0,0,0,0,0,0,0,0,0,0,0,0,0,0,0,0,0,0,0,0,0,0,0,0,0,0,0,0,0,0,0,0,0,0,0,0,0,0,0,0,0,0,0,0,0,0,0
0,0,0,0,0,0,0,0,0,0,0,0,0,0,0,0,0,0,0,0,0,0,0,0,0,0,0,0,0,0,0,0,0,0,0,0,0,0,0,0,0,0,0,0,0,0,0,0,0,0,0,0,0,0,0,0,0,0,0,0,0,0,0,0,0,0,0,0,0,0,0,0,0,0,0,0,0,0,0,0,0,0,0,0,0,0,0,0,0,0,0,0,0,0,0,0,0,0,0,0,0,0,0,0,0,0,0,0,0,0,0,0,0,0,0,0
0.0034044,4.6982e-06,4.3402e-06,0,0,0,0,0,0,0,0,0,7.2778e-06,0.00021257,6.4617e-05,0,0,0,0.00016541,0,0,0,0,0,0,0,0,0,0.0018133,0.00038546,0,0,0,3.2863e-05,0,0,0.00061866,0.000125,0.00037574,0.00022876,0.00020843,0.0027515,0,0.00086608,0.00033036,1.0738e-05,6.856e-06,0,0,5.2435e-05,0,3.2201e-05,0,0,0.00020541,0,4.4961e-05,0,0,0,9.5632e-07,0,0,0,0,0,0,0,0,0,0,9.468e-06,0,0,6.1695e-05,0.00030721,5.9041e-06,0.0012543,0.0010176,0.00015274,0,7.0012e-05,0,0,0,0,0,0,0,0,0,0,0,0,0,1.4887e-05,2.0058e-06,0,0,0,0,0,7.035e-05,0,0,0,5.3397e-06,1.5105e-06,0,0,0,3.6193e-06,2.0572e-05,0,0,0
0,0,0,0,0,0,0,0,0,0,0,0,0,0,0,0,0,0,0,0,0,0,0,0,0,0,0,0,0,0,0,0,0,0,0,0,0,0,0,0,0,0,0,0,0,0,0,0,0,0,0,0,0,0,0,0,0,0,0,0,0,0,0,0,0,0,0,0,0,0,0,0,0,0,0,0,0,0,0,0,0,0,0,0,0,0,0,0,0,0,0,0,0,0,0,0,0,0,0,0,0,0,0,0,0,0,0,0,0,0,0,0,0,0,0,0
0,0,0,0,0,0,0,0,0,0,0,0,0,0,0,0,0,0,0,0,0,0,0,0,0,0,0,0,0,0,0,0,0,0,0,0,0,0,0,0,0,0,0,0,0,0,0,0,0,0,0,0,0,0,0,0,0,0,0,0,0,0,0,0,0,0,0,0,0,0,0,0,0,0,0,0,0,0,0,0,0,0,0,0,0,0,0,0,0,0,0,0,0,0,0,0,0,0,0,0,0,0,0,0,0,0,0,0,0,0,0,0,0,0,0,0
0,0,0,0,0,0,0,0,0,0,0,0,0,0,0,0,0,0,0,0,0,0,0,0,0,0,0,0,0,0,0,0,0,0,0,0,0,0,0,0,0,0,0,0,0,0,0,0,0,0,0,0,0,0,0,0,0,0,0,0,0,0,0,0,0,0,0,0,0,0,0,0,0,0,0,0,0,0,0,0,0,0,0,0,0,0,0,0,0,0,0,0,0,0,0,0,0,0,0,0,0,0,0,0,0,0,0,0,0,0,0,0,0,0,0,0
0,0,0,0,0,0,0,0,0,0,0,0,0,0,0,0,0,0,0,0,0,0,0,0,0,0,0,0,0,0,0,0,0,0,0,0,0,0,0,0,0,0,0,0,0,0,0,0,0,0,0,0,0,0,0,0,0,0,0,0,0,0,0,0,0,0,0,0,0,0,0,0,0,0,0,0,0,0,0,0,0,0,0,0,0,0,0,0,0,0,0,0,0,0,0,0,0,0,0,0,0,0,0,0,0,0,0,0,0,0,0,0,0,0,0,0
0,0,0,0,0,0,0,0,0,0,0,0,0,0,0,0,0,0,0,0,0,0,0,0,0,0,0,0,0,0,0,0,0,0,0,0,0,0,0,0,0,0,0,0,0,0,0,0,0,0,0,0,0,0,0,0,0,0,0,0,0,0,0,0,0,0,0,0,0,0,0,0,0,0,0,0,0,0,0,0,0,0,0,0,0,0,0,0,0,0,0,0,0,0,0,0,0,0,0,0,0,0,0,0,0,0,0,0,0,0,0,0,0,0,0,0
0,0,0,0,0,0,0,0,0,0,0,0,0,0,0,0,0,0,0,0,0,0,0,0,0,0,0,0,0,0,0,0,0,0,0,0,0,0,0,0,0,0,0,0,0,0,0,0,0,0,0,0,0,0,0,0,0,0,0,0,0,0,0,0,0,0,0,0,0,0,0,0,0,0,0,0,0,0,0,0,0,0,0,0,0,0,0,0,0,0,0,0,0,0,0,0,0,0,0,0,0,0,0,0,0,0,0,0,0,0,0,0,0,0,0,0
4.0153e-07,0.00051487,0.00034312,0,0,0,0,0,0,5.3146e-05,0,0,6.269e-06,2.1779e-06,0,0,0,0,0,0,0,0,0,0,2.6988e-06,4.2176e-05,0,0,4.2042e-07,3.1091e-07,0.0014891,1.4567e-05,0,0.00016867,0,0,3.482e-06,0,0,8.1595e-05,0,6.0965e-05,0,0.00010531,4.0637e-05,0.00011304,3.6833e-05,7.9997e-05,0,0.00094333,0,0,0,0,0.00015278,1.1244e-05,6.8388e-05,0,0,0,2.7545e-05,0,0,0,0,0,0,0,0,0.00021985,2.8937e-05,1.863e-05,0,0,0.00015633,0,0,0.00017543,0.0003569,0.0004935,1.4604e-06,0.0036796,0,0,0,0,0,0,4.855e-05,0,0,0,0,0,0,0,0.00301,0,0,0,0,0,0.00063158,0,0,0,4.6646e-06,1.1353e-05,0,9.6324e-06,0.0012794,0.00076421,2.4749e-05,5.356e-06,0,0
0,8.3738e-07,0,0,0,0,0,0,0,0.00024465,1.7654e-05,0,0.00013455,1.85e-05,0,0,0,0,0,0,0,0,0,0,0,0,0,0,0,0,0.00092303,0,0,4.9689e-05,0,0,0,0,0,7.6219e-06,0,2.4915e-05,0,4.8502e-05,0,4.8137e-05,2.0546e-07,0,0,0.00028294,0,0,0,0,2.9428e-06,0,7.1476e-07,0,0,0,0,0,0,0,0,0,0,0,0,0.00011914,0,7.3136e-05,0,0,3.8612e-05,0,0,1.2595e-05,8.2936e-06,0.0001167,0,0,0,0,0,0,0,0,0,0,0,0,0,0,0,0.0002648,0,0,0,0,0,0,0,0,0,0,0.00017764,9.4232e-05,0,1.4377e-05,0.0053817,0.00084294,5.393e-05,2.6527e-06,0,0
0,0,0,0,0,0,0,0,0,0,0,0,0,0,0,0,0,0,0,0,0,0,0,0,0,0,0,0,0,0,0,0,0,0,0,0,0,0,0,0,0,0,0,0,0,0,0,0,0,0,0,0,0,0,0,0,0,0,0,0,0,0,0,0,0,0,0,0,0,0,0,0,0,0,0,0,0,0,0,0,0,0,0,0,0,0,0,0,0,0,0,0,0,0,0,0,0,0,0,0,0,0,0,0,0,0,0,0,0,0,0,0,0,0,0,0
0,0,0,0,0,0,0,0,0,0,0,0,0,0,0,0,0,0,0,0,0,0,0,0,0,0,0,0,0,0,0,0,0,0,0,0,0,0,0,0,0,0,0,0,0,0,0,0,0,0,0,0,0,0,0,0,0,0,0,0,0,0,0,0,0,0,0,0,0,0,0,0,0,0,0,0,0,0,0,0,0,0,0,0,0,0,0,0,0,0,0,0,0,0,0,0,0,0,0,0,0,0,0,0,0,0,0,0,0,0,0,0,0,0,0,0
0,0,0,0,0,0,0,0,0,0,0,0,0,0,0,0,0,0,0,0,0,0,0,0,0,0,0,0,0,0,0,0,0,0,0,0,0,0,0,0,0,0,0,0,0,0,0,0,0,0,0,0,0,0,0,0,0,0,0,0,0,0,0,0,0,0,0,0,0,0,0,0,0,0,0,0,0,0,0,0,0,0,0,0,0,0,0,0,0,0,0,0,0,0,0,0,0,0,0,0,0,0,0,0,0,0,0,0,0,0,0,0,0,0,0,0
0,0,0,0,0,0,0,0,0,0,0,0,0,0,0,0,0,0,0,0,0,0,0,0,0,0,0,0,0,0,0,0,0,0,0,0,0,0,0,0,0,0,0,0,0,0,0,0,0,0,0,0,0,0,0,0,0,0,0,0,0,0,0,0,0,0,0,0,0,0,0,0,0,0,0,0,0,0,0,0,0,0,0,0,0,0,0,0,0,0,0,0,0,0,0,0,0,0,0,0,0,0,0,0,0,0,0,0,0,0,0,0,0,0,0,0
0,0,0,0,0,0,0,0,0,0,0,0,0,0,0,0,0,0,0,0,0,0,0,0,0,0,0,0,0,0,0,0,0,0,0,0,0,0,0,0,0,0,0,0,0,0,0,0,0,0,0,0,0,0,0,0,0,0,0,0,0,0,0,0,0,0,0,0,0,0,0,0,0,0,0,0,0,0,0,0,0,0,0,0,0,0,0,0,0,0,0,0,0,0,0,0,0,0,0,0,0,0,0,0,0,0,0,0,0,0,0,0,0,0,0,0
0,0.0017453,0.0003731,0,0,0,0,0,0,0,0,0,2.4198e-05,4.4027e-05,0,0,0,0,7.2977e-07,0,0,0,0,0,0.0001279,0.00029652,0,0,0,0,3.3641e-05,0.00038334,0,4.2883e-05,0,0,0,0,2.1501e-06,0.00010045,0,3.1623e-06,0,3.6015e-05,0.00019237,3.2432e-05,0.00016483,0.00022291,0,4.4339e-05,0,0.00047003,0,0,0.0021292,0.0014742,0.0015489,0,0,0,0.00071891,0,0,0,0,0,0,0,0,2.3339e-05,0,2.5594e-06,0,0,3.4725e-05,0,0,0,0,6.2953e-05,6.4152e-06,0.0030113,0,0,0,0,0,0,3.338e-05,0,0,0,0,0,0,0.0032112,1.6286e-06,0,0,0,0,0,0,0,0,0,7.1742e-06,0,0,1.4834e-06,2.4528e-06,0.00015949,7.6735e-05,0,0,0
0,0,0,0,0,0,0,0,0,0,0,0,0,0,0,0,0,0,0,0,0,0,0,0,0,0,0,0,0,0,0,0,0,0,0,0,0,0,0,0,0,0,0,0,0,0,0,0,0,0,0,0,0,0,0,0,0,0,0,0,0,0,0,0,0,0,0,0,0,0,0,0,0,0,0,0,0,0,0,0,0,0,0,0,0,0,0,0,0,0,0,0,0,0,0,0,0,0,0,0,0,0,0,0,0,0,0,0,0,0,0,0,0,0,0,0
0,0,0,0,0,0,0,0,0,0,0,0,0,0,0,0,0,0,0,0,0,0,0,0,0,0,0,0,0,0,0,0,0,0,0,0,0,0,0,0,0,0,0,0,0,0,0,0,0,0,0,0,0,0,0,0,0,0,0,0,0,0,0,0,0,0,0,0,0,0,0,0,0,0,0,0,0,0,0,0,0,0,0,0,0,0,0,0,0,0,0,0,0,0,0,0,0,0,0,0,0,0,0,0,0,0,0,0,0,0,0,0,0,0,0,0
0,0,0,0,0,0,0,0,0,0,0,0,0,0,0,0,0,0,0,0,0,0,0,0,0,0,0,0,0,0,0,0,0,0,0,0,0,0,0,0,0,0,0,0,0,0,0,0,0,0,0,0,0,0,0,0,0,0,0,0,0,0,0,0,0,0,0,0,0,0,0,0,0,0,0,0,0,0,0,0,0,0,0,0,0,0,0,0,0,0,0,0,0,0,0,0,0,0,0,0,0,0,0,0,0,0,0,0,0,0,0,0,0,0,0,0
0,0,0,0,0,0,0,0,0,5.6164e-05,0.00025611,0,2.1866e-06,3.389e-07,0,0,0,0,0,0,0,0,0,0,0,2.4721e-07,0,0,0,0,0,1.7027e-07,0,5.3608e-06,0,0,0,0,0,0,0,0,0,0,4.0157e-06,6.3912e-06,1.8775e-05,0,0,0,0,0,0,0,3.2171e-07,0,1.0327e-06,0,0,0,0,0,0,0,0,0,0,0,0,7.2445e-07,0,4.7412e-05,0,0,6.0071e-06,0,3.6135e-06,0,0,8.5215e-06,2.5376e-07,0,0,0,0,0,0,0,0,0,0,0,0,0,0,0,2.3463e-06,0,0,0,0,0,0,0,0,0,0,0.0049563,0,0.00055555,1.3928e-05,0.00079241,0.002034,0.002858,0,0
0,4.6425e-07,6.4399e-07,0,0,0,0,0,0,0.0023014,0.00022767,0,0.00010398,4.8165e-05,0,0,0,0,2.5492e-06,0,0,0,0,0,3.4324e-05,2.1976e-07,0,0,0,0,5.1043e-06,2.3627e-06,0,4.4727e-05,0,0,0,0,0,1.0789e-05,0,1.6202e-06,0,7.5045e-07,1.0049e-05,6.6533e-05,2.8306e-07,0,0,4.4667e-06,0,0,0,0,2.0042e-06,0,1.2842e-05,0,0,0,0,0,0,0,0,0,0,0,0,0.00018268,0.00017286,0.00026505,0,0,7.7948e-05,0,3.2998e-05,0,8.2038e-06,8.9307e-05,1.3877e-05,1.5983e-06,0,0,0,0,0,0,0,0,0,0,0,0,0,2.0592e-06,0.00020798,0,0,0,0,0,4.3305e-05,0,0,0,0.0036214,0,0,0.0015157,0.00038192,0.00030846,0.00053597,0.0013344,0,0
0,0,0,0,0,0,0,0,0,0,0,0,0,0,0,0,0,0,0,0,0,0,0,0,0,0,0,0,0,0,0,0,0,0,0,0,0,0,0,0,0,0,0,0,0,0,0,0,0,0,0,0,0,0,0,0,0,0,0,0,0,0,0,0,0,0,0,0,0,0,0,0,0,0,0,0,0,0,0,0,0,0,0,0,0,0,0,0,0,0,0,0,0,0,0,0,0,0,0,0,0,0,0,0,0,0,0,0,0,0,0,0,0,0,0,0
0,0,0,0,0,0,0,0,0,0.00059622,1.5071e-05,0,0.00018373,0.00014113,0,0,0,0,0,0,0,0,0,0,0,0,0,0,0,0,1.1588e-05,0,0,0.00011333,0,0,0,0,0,9.2218e-05,0,2.5818e-05,0,6.4947e-05,0,0.00038619,7.812e-07,0,0,0.00039765,0,0,0,0,1.5062e-06,0,3.6574e-06,0,0,0,0,0,0,0,0,0,0,0,0,0.0010487,0.0057515,8.5432e-05,0,0,0.0026403,0,0.0019527,0,2.7539e-05,0.00031478,0.00024861,0,0,0,0,0,0,0,1.4118e-06,0,0,0,0,0,0,6.6425e-06,0,0,0,0,0,0,2.5535e-06,0,0,0,0.00012156,0.00024418,0,0,0.00021351,0.00024732,0.00019399,0.00090127,0,0
0,6.1335e-06,1.0008e-05,0,0,0,0,0,0,0.0015381,4.8547e-05,0,0.00018919,2.8972e-05,0,0,0,0,0,0,0,0,0,0,0,0,0,0,0,0,0.00031812,4.2809e-06,0,0.0003578,0,0,0,8.7339e-06,0,1.5419e-05,0,1.6868e-05,0,3.7225e-05,0,0.00017984,3.2918e-06,1.0888e-05,0,0.00037311,0,0,0,0,2.2245e-05,0,2.0757e-05,0,0,0,0,0,0,0,0,0,0,0,0,0.00086594,0.00018905,0.0015044,0,0,0.0012395,0,3.8777e-05,5.2741e-05,9.4039e-05,0.00084444,3.903e-05,0.00012869,0,0,0,0,0,0,5.6744e-07,0,0,0,0,0,0,0.00042077,0.0037757,0,0,0,0,0,1.0801e-05,0,0,0,0.00066269,0.00085441,0,0.00040628,0,0.00040798,0.00029661,0.00051703,0,0
0,1.2477e-06,0,0,0,0,0,0,0,0.001561,0,0,0.00013933,6.5606e-06,0,0,0,0,0,0,0,0,0,0,0,0,0,0,0,0,0.00071984,0,0,7.8653e-05,0,0,0,9.4647e-06,2.4091e-06,1.2448e-05,0,5.0707e-05,0,5.0943e-05,0,0.00050874,1.5796e-07,0,0,0.00040222,0,0,0,0,3.3311e-05,0,2.9791e-05,0,0,0,0,0,0,0,0,0,0,0,0,0.00022536,0.0003756,0.0028935,0,0,0.0016308,0,0.00018776,0.00025506,0.00034284,0.00088358,2.5849e-06,1.2234e-05,0,0,0,0,0,0,1.2321e-06,0,0,0,0,0,0,6.0971e-05,8.8492e-05,0,0,0,0,0,9.5846e-06,0,0,0,0.00047508,0.00040427,0,0.00017517,0.0021641,0,0.0011514,0.00040425,0,0
0,0,0,0,0,0,0,0,0,0.00042536,0,0,7.7521e-05,3.101e-06,0,0,0,0,0,0,0,0,0,0,0,0,0,0,6.0154e-07,0,0.0001739,0,0,3.0666e-05,0,0,5.3323e-06,7.6509e-06,0,3.0172e-06,0,8.0601e-06,0,9.0811e-06,0,0.00055054,0,0,0,1.2905e-05,0,0,0,0,8.6805e-05,0,0.00077577,0,0,0,0,0,0,0,0,0,0,0,0,0.00015784,0.00035882,0.00027584,0,0,0.00070616,0,0.0007878,4.8269e-06,1.6574e-05,0.00033292,4.1423e-07,7.9113e-06,0,0,0,0,0,0,0,0,0,0,0,0,0,7.4607e-06,2.0649e-05,0,0,0,0,0,4.7929e-05,0,0,0,0.0012795,0.00043385,0,0.0010077,0.0004142,0.0045013,0,0.0013781,0,0
0,0,0,0,0,0,0,0,0,0.0012176,0.000358,0,0.00033305,6.8559e-05,0,0,0,0,0,0,0,0,0,0,0,0,0,0,0,0,1.1285e-05,0,0,0.00013727,0,0,6.9446e-07,5.0516e-06,0,1.0516e-05,0,3.0258e-06,0,2.8351e-05,0,0.00038127,0,0,0,0.00011595,0,0,0,0,0,0,0,0,0,0,0,0,0,0,0,0,0,0,0,0.0001158,0.0018771,0.0001676,0,0,0.00011838,0,0.0022204,1.3658e-06,4.709e-07,0.0001318,0.00019761,0,0,0,0,0,0,0,0,0,0,0,0,0,0,0,0,0,0,0,0,0,1.1894e-06,0,0,0,0.0018117,0.00093424,0,0.0021674,0.0010553,0.00018087,0.00061593,0,0,0
0,0,0,0,0,0,0,0,0,0,0,0,0,0,0,0,0,0,0,0,0,0,0,0,0,0,0,0,0,0,0,0,0,0,0,0,0,0,0,0,0,0,0,0,0,0,0,0,0,0,0,0,0,0,0,0,0,0,0,0,0,0,0,0,0,0,0,0,0,0,0,0,0,0,0,0,0,0,0,0,0,0,0,0,0,0,0,0,0,0,0,0,0,0,0,0,0,0,0,0,0,0,0,0,0,0,0,0,0,0,0,0,0,0,0,0
0,0,0,0,0,0,0,0,0,0,0,0,0,0,0,0,0,0,0,0,0,0,0,0,0,0,0,0,0,0,0,0,0,0,0,0,0,0,0,0,0,0,0,0,0,0,0,0,0,0,0,0,0,0,0,0,0,0,0,0,0,0,0,0,0,0,0,0,0,0,0,0,0,0,0,0,0,0,0,0,0,0,0,0,0,0,0,0,0,0,0,0,0,0,0,0,0,0,0,0,0,0,0,0,0,0,0,0,0,0,0,0,0,0,0,0
